第一关
00 00 00 00
00 00 00 00
00 00 00 00
00 00 00 00
00 00 00 00
00 00 00 00
00 00 00 00
00 00 00 00
00 00 00 00
00 00 00 00
73 18 40 00
00 00 00 00
第二关
48 c7 c7 a8
36 42 72 68
9f 18 40 00
c3 00 00 00
00 00 00 00
00 00 00 00
00 00 00 00
00 00 00 00
00 00 00 00
00 00 00 00
88 1c 66 55
00 00 00 00
第三关
48 c7 c7 b8
1c 66 55 68
b0 19 40 00
c3 00 00 00
00 00 00 00
00 00 00 00
00 00 00 00
00 00 00 00
00 00 00 00
00 00 00 00
88 1c 66 55
00 00 00 00
37 32 34 32
33 36 61 38
00
第四关
00 00 00 00 00 00 00 00 00 00
00 00 00 00 00 00 00 00 00 00
00 00 00 00 00 00 00 00 00 00
00 00 00 00 00 00 00 00 00 00
80 1a 40 00 00 00 00 00
a8 36 42 72 00 00 00 00
5c 1a 40 00 00 00 00 00
9f 18 40 00 00 00 00 00
第五关
00 00 00 00 00 00 00 00 00 00
00 00 00 00 00 00 00 00 00 00
00 00 00 00 00 00 00 00 00 00
00 00 00 00 00 00 00 00 00 00
04 1b 40 00 00 00 00 00
5c 1a 40 00 00 00 00 00
80 1a 40 00 00 00 00 00
48 00 00 00 00 00 00 00
b5 1a 40 00 00 00 00 00
d0 1a 40 00 00 00 00 00
18 1b 40 00 00 00 00 00
88 1a 40 00 00 00 00 00
5c 1a 40 00 00 00 00 00
b0 19 40 00 00 00 00 00
37 32 34 32 33 36 61 38
00 00 00 00 00 00 00 00